50,35
8,16
35,34
35,33
35,32
35,31
35,30
35,29
35,28
35,27
35,26
35,25
35,24
35,23
35,22
35,21
35,20
35,19
35,18
35,17
35,16
35,15
35,14
35,1
34,115
34,114
34,113
34,112
34,111
34,110
34,109
34,108
34,107
34,106
34,105
34,104
34,103
34,102
34,101
34,100
34,99
34,98
34,97
34,96
34,95
34,94
34,93
34,92
34,91
34,90
34,89
34,88
34,87
34,86
34,85
34,84
34,83
34,82
34,81
34,80
34,79
34,78
34,77
34,76
34,75
34,74
34,73
34,72
34,71
34,70
34,69
34,68
34,67
34,66
34,65
34,64
34,39
34,38
34,37
34,36
34,35
34,34
34,33
34,32
34,31
34,30
34,29
34,28
34,27
34,26
34,25
34,24
34,23
34,22
34,21
34,20
34,19
34,18
34,17
34,16
34,15
34,14
34,13
34,12
34,11
34,10
34,9
34,5
34,4
34,1
33,267
33,266
33,265
33,264
33,263
33,262
33,261
33,260
33,259
33,258
33,257
33,256
33,255
33,254
33,253
33,252
33,251
33,250
33,249
33,248
33,247
33,246
33,245
33,244
33,243
33,242
33,241
33,240
33,239
33,233
20,3
20,2
20,1
19,3
19,2
19,1
12,3
12,2
12,1
11,3
11,2
9,7
9,6
9,4
9,3
9,2
9,1
8,17
8,15
8,14
8,13
8,10
8,7
8,5
8,4
8,3
8,2
8,1
0,318
18,1
18,3
14,1
14,4
14,3
13,1
13,3
2,2
2,1
2,3
0,0
50,34
50,33
50,32
50,31
50,30
50,29
50,28
